94
-12 -3
10 -15
-5 -14
-6 -1
-2 3
-15 12
12 -9
-2 -12
-13 8
-12 14
-15 11
3 11
-9 0
1 -8
-5 -6
-8 10
-3 -13
0 -15
-3 -12
6 -14
-11 4
-8 15
14 -8
-5 -5
-11 3
13 2
5 7
15 -7
4 -3
4 9
-13 3
-14 3
4 9
9 14
-11 11
-4 -14
15 -12
-7 10
-9 -7
1 -12
-6 -6
11 5
-9 7
10 -8
1 -2
1 -5
4 5
-15 -1
-3 5
9 0
-8 -12
-3 -7
15 14
-1 -5
-3 9
-6 7
-1 3
-2 8
9 1
-15 1
14 -9
-2 -15
12 -2
-15 1
6 5
-6 1
-2 -7
-13 -7
1 3
13 8
-7 9
-9 -6
14 -1
6 14
-9 13
-7 6
-14 -1
-6 0
0 12
-15 9
8 8
0 10
-13 1
8 7
15 11
-4 -3
-5 10
-7 15
-11 8
-15 12
-12 -13
0 1
10 5
-5 11
